MCA_ch Resolution MCA_ch_error Resolution_error
1444.4941351212037 3.0865139231094982 3.0865139231094982 0.028334129932496885
2049.47826358637 3.2785072011705076 3.2785072011705076 0.05799077251025617
3535.4121654876235 3.927101650747826 3.927101650747826 0.05159812340831771
5218.652498621338 4.364917062484984 4.364917062484984 0.16831564764920368
6794.694759775539 5.032595067834383 5.032595067834383 0.08691581462074555
8861.139627111961 5.217855323388941 5.217855323388941 0.07157541982617124
10703.925355557807 5.739306068582165 5.739306068582165 0.11121556938567065
13371.291316760433 5.7275732025691335 5.7275732025691335 0.31391313201786825
15861.694141239386 6.71575168432926 6.71575168432926 0.09287669277469736
