234	Th	92.6	0.0433	0.00356173	0.000154223
235     U       185.720 0.572   0.000570573     0.000326368
212	Pb	238.632	0.436	0.0106617	0.0046485
214	Pb	295.224	0.184	0.0110279	0.00202913
228	Ac	338.32	0.114	0.0106943	0.00121915
214	Pb	351.932	0.356	0.0105431	0.00375336
208	Tl	583.187	0.3054	0.00773276	0.00236158
214	Bi	609.312	0.4549	0.00794917	0.00361608
137	Cs	661.657	0.8499	0.00839572	0.00713552
54	Mn	834.838	0.999746	0.00759528	0.00759335
46	Sc	889.271	0.99984	0.00709518	0.00709405
228	Ac	911.196	0.262	0.00637667	0.00167069
228	Ac	968.96	0.159	0.00639277	0.00101645
234m    Pa      1001.026        0.00846 0.00701508      5.93476e-05
214	Bi	1120.287	0.1491	0.00604676	0.000901573
46	Sc	1120.537	0.99987	0.00635126	0.00635044
60	Co	1173.228	0.9985	0.00623187	0.00622252
60	Co	1332.492	0.9998	0.00589299	0.00589181
58	Co	810.775	0.99	0.00762909	0.0075528
56	Co	846.771	1	0.00694388	0.00694388
56	Co	1238.282	0.676	0	0
40	K	1460.882	0.1055	0.00585498	0.0006177
214	Bi	1764.494	0.1531	0.00498094	0.000762582
208	Tl	2614.511	0.3584	0.00357971	0.00128297
