 ### 2614.51 15843.2 15823.5 19.6565 15824 0
 *** 2614.51 15843.2 15450 19.6565 15450 12
 **bg** 2614.51 15843.2 15450 19.6565 15450 12 8
 **bg** 2614.51 15843.2 15450 19.6565 15450 13 8
 **bg** 2614.51 15843.2 15450 19.6565 39.3131 15450 0.6 0.4
 **bg** 2614.51 15843.2 15450 19.6565 39.3131 15450 0.65 0.4
 **bg** 2614.51 15843.2 15450 19.6565 39.3131 15450 0.15 0.05
 **bg** 2614.51 15843.2 15450 19.6565 39.3131 15450 0.15 0.05
 **bg** 2614.51 15843.2 15450 19.6565 39.3131 15450 0.55 0.05
 **bg** 2614.51 15843.2 15450 19.6565 39.3131 15450 0.15 0.05
 **bg** 2614.51 15843.2 15450 19.6565 39.3131 15450 0 0.4
 **bg** 2614.51 15843.2 15450 19.6565 39.3131 15450 0 0.25
 **bg** 2614.51 15843.2 15450 19.6565 39.3131 15450 0.1 0.4
 **bg** 2614.51 15843.2 15450 19.6565 39.3131 15450 0.1 0.55
 **bg** 2614.51 15843.2 15450 19.6565 39.3131 15450 0.1 0.4
 **bg** 2614.51 15843.2 15450 19.6565 39.3131 15450 0.1 0.4
 **bg** 2614.51 15843.2 15450 19.6565 39.3131 15450 0.1 0.4
 **bg** 2614.51 15843.2 15450 19.6565 39.3131 15450 0.1 0.4
 **bg** 2614.51 15843.2 15450 19.6565 39.3131 15450 0.1 0.4
 **bg** 2614.51 15843.2 15450 19.6565 39.3131 15450 0.1 0.4
 **bg** 2614.51 15843.2 15450 19.6565 39.3131 15450 0.1 0.4
 **bg** 2614.51 15843.2 15450 19.6565 39.3131 15450 0.1 0.3
